0,1,0,0,0,-1,-1,-1,-1,-1
0,4,0,0,0,-1,-1,-1,-1,-1
1,0,0,0,0,0,0,0,-1,-1
0,0,0,4,0,4,-1,-1,-1,-1
0,0,2,0,0,-1,-1,-1,-1,-1
0,0,0,32,-1,-1,-1,-1,-1,-1
0,5,0,0,0,0,0,0,-1,-1
0,2,0,32,0,0,-1,-1,-1,-1
0,0,0,0,0,0,0,0,0,0
0,4,0,0,-1,-1,-1,-1,-1,-1
0,0,0,39,-1,-1,-1,-1,-1,-1
36,0,4,0,-1,-1,-1,-1,-1,-1
6,0,0,0,0,0,1,1,1,0
7,4,0,0,-1,-1,-1,-1,-1,-1
0,0,36,36,36,-1,-1,-1,-1,-1
0,1,4,0,0,0,-1,-1,-1,-1
0,32,0,0,0,0,0,0,-1,-1
0,1,32,33,-1,-1,-1,-1,-1,-1
0,32,6,6,0,6,0,-1,-1,-1
32,39,1,6,36,0,7,-1,-1,-1
0,0,0,0,0,0,0,0,0,-1
0,6,32,6,-1,-1,-1,-1,-1,-1
32,0,0,0,0,0,0,0,0,0
2,0,2,-1,-1,-1,-1,-1,-1,-1
0,0,32,0,0,0,-1,-1,-1,-1
0,0,0,0,0,-1,-1,-1,-1,-1
0,2,0,0,0,0,-1,-1,-1,-1
5,0,0,0,0,0,0,0,0,0
0,0,0,0,0,0,-1,-1,-1,-1
32,0,0,0,0,-1,-1,-1,-1,-1
1,4,0,2,-1,-1,-1,-1,-1,-1
32,0,0,0,0,0,-1,-1,-1,-1
0,0,5,0,-1,-1,-1,-1,-1,-1
0,0,32,32,-1,-1,-1,-1,-1,-1
39,0,6,-1,-1,-1,-1,-1,-1,-1
0,7,7,-1,-1,-1,-1,-1,-1,-1
4,7,0,-1,-1,-1,-1,-1,-1,-1
4,0,0,0,0,-1,-1,-1,-1,-1
5,0,0,0,0,0,-1,-1,-1,-1
